4 474
5 960
26 125
26 663
26 819
26 901
27 950
31 638
34 757
38 861
39 927
42 638
42 928
44 494
48 534
48 914
56 190
56 681
58 785
70 757
75 691
86 721
87 904
91 208
91 647
102 620
112 318
112 396
121 877
121 960
124 737
126 914
142 722
142 916
144 848
150 579
150 918
150 960
153 287
156 916
169 722
169 898
170 869
181 628
181 810
190 554
190 901
190 927
191 812
193 716
193 909
200 953
201 486
211 960
226 957
232 344
233 358
233 934
234 960
235 259
235 938
236 386
237 716
237 935
239 519
239 932
240 893
254 909
254 928
255 683
256 652
256 921
260 266
260 827
260 861
262 449
263 960
264 735
264 812
271 935
271 960
281 761
288 920
297 687
299 776
299 957
301 726
301 898
306 932
317 942
318 960
319 701
319 866
319 943
319 957
321 595
324 897
326 862
330 868
333 944
337 475
337 943
344 689
344 789
345 918
358 927
370 620
370 811
370 846
371 725
392 572
392 691
394 960
396 717
396 904
407 897
418 701
431 774
443 707
443 934
445 748
454 943
460 883
465 944
475 916
475 960
486 909
493 942
494 944
498 762
499 722
513 632
513 707
514 819
532 558
532 687
532 802
534 847
535 794
535 957
546 848
551 950
553 935
562 687
569 953
572 593
575 953
579 866
585 928
593 815
593 840
595 920
602 812
604 960
617 632
620 957
628 681
628 745
628 897
628 938
635 655
635 880
635 893
635 957
636 827
638 953
642 846
646 714
652 812
655 730
657 921
662 794
662 898
662 944
669 845
672 794
672 904
674 935
676 681
676 738
676 886
676 927
681 726
681 827
681 847
681 960
683 730
683 918
683 944
686 944
689 726
690 691
690 761
691 757
712 957
714 957
717 944
721 819
722 960
725 957
730 880
735 938
738 942
738 943
742 916
747 748
747 960
748 827
750 801
750 934
755 775
755 893
755 944
759 902
761 802
761 861
761 914
761 935
761 944
762 950
768 777
768 792
772 827
775 808
776 904
780 960
785 897
785 904
785 943
785 960
788 960
791 868
792 883
802 928
802 932
802 950
802 960
810 847
810 861
811 950
811 960
812 840
815 904
815 909
819 918
840 846
840 918
848 957
861 899
861 950
861 960
866 938
868 938
869 899
871 899
871 904
871 943
880 921
880 944
883 916
883 960
897 942
898 920
899 920
902 934
902 950
902 957
909 960
914 916
914 950
914 960
916 927
916 950
918 921
918 935
918 957
918 960
921 957
927 943
927 960
928 960
932 953
932 957
935 960
943 953
943 957
943 960
944 953
953 960
957 960
