9 302
9 963
14 218
14 894
30 447
30 849
35 900
37 961
46 963
59 61
59 952
68 806
68 963
71 961
76 163
80 864
85 673
88 900
89 945
93 97
93 570
99 359
101 666
108 207
111 697
130 508
131 790
131 835
133 162
138 852
138 963
145 954
147 564
163 564
166 958
171 447
173 591
174 963
176 194
176 303
176 952
183 939
185 320
185 594
186 430
186 797
199 590
207 773
218 600
222 466
223 954
224 699
224 852
227 320
231 356
231 836
245 314
245 478
245 587
257 436
257 910
257 952
257 963
274 963
282 538
286 439
286 875
291 782
292 521
292 947
294 912
295 831
298 478
298 641
298 740
303 936
308 708
312 851
313 348
313 958
314 817
314 888
323 958
327 472
327 910
327 947
339 545
339 888
341 903
347 591
348 936
349 958
352 851
353 432
353 538
353 651
356 695
356 900
359 520
359 945
361 439
361 542
361 910
365 963
376 436
376 954
377 548
378 480
380 752
385 958
390 624
390 739
390 939
390 963
391 915
393 825
393 963
398 766
399 740
399 773
403 817
410 605
414 743
414 834
421 963
430 947
430 963
432 958
436 666
436 945
438 682
439 824
439 915
442 865
442 963
444 584
444 961
444 963
447 961
451 961
458 518
466 884
467 805
472 529
477 894
483 952
488 963
492 767
492 963
497 739
497 874
501 922
502 580
502 615
502 947
502 952
502 961
510 961
511 743
511 841
511 961
512 947
520 544
521 630
526 961
529 890
529 896
537 958
538 849
538 939
538 958
542 771
544 894
548 958
552 853
552 945
565 731
565 875
568 705
570 825
570 963
571 830
571 907
574 947
580 705
580 773
580 936
581 939
584 910
587 874
588 831
605 961
608 673
608 769
615 882
624 731
629 834
629 851
630 720
633 771
633 843
633 888
634 839
634 961
634 963
640 835
648 874
648 954
651 813
653 961
658 873
661 835
661 858
666 843
673 698
673 939
678 804
678 952
685 696
698 963
699 839
702 766
705 766
705 771
729 952
740 741
740 851
740 963
741 939
752 963
754 922
754 963
763 952
764 837
767 813
767 851
769 912
769 954
773 843
773 890
778 963
782 963
795 945
796 817
796 945
797 961
803 947
803 952
803 958
804 890
805 853
806 865
806 903
806 963
814 888
814 939
817 963
824 835
824 947
835 858
836 852
836 963
837 852
837 958
841 954
841 963
843 888
843 936
843 952
843 963
849 852
849 858
849 936
851 961
852 936
864 936
864 963
865 882
873 958
874 939
874 952
874 961
875 945
882 952
888 890
890 894
894 896
900 947
900 958
900 961
903 945
903 947
903 958
907 961
910 952
910 958
910 961
912 947
912 954
913 936
913 954
913 961
915 961
922 954
945 947
945 963
947 958
952 958
954 963
958 963
961 963
