2 506
2 951
6 964
11 895
22 964
23 822
25 959
28 881
28 887
32 855
32 955
33 955
36 838
49 684
50 964
55 719
60 656
60 940
63 842
66 95
66 949
66 959
67 656
67 783
67 809
67 924
67 933
72 959
78 964
79 364
82 949
82 956
95 129
95 892
100 818
100 940
109 525
109 872
110 885
114 911
114 949
116 437
116 706
122 850
122 889
122 923
122 956
127 453
129 931
132 949
135 948
136 242
136 823
136 948
137 854
139 252
139 818
139 911
140 926
146 424
146 751
146 850
151 736
154 949
155 476
167 937
167 948
172 929
182 556
184 906
188 586
188 941
192 962
196 855
196 860
210 964
212 582
213 335
216 379
216 863
216 964
219 369
220 506
220 821
220 959
228 238
228 878
229 631
229 821
242 670
247 664
258 964
261 784
261 959
265 582
267 822
268 670
272 931
279 964
284 784
289 660
293 940
296 955
307 905
311 887
311 955
311 964
322 413
322 592
325 937
325 959
332 962
334 946
335 867
335 872
335 964
343 541
343 876
343 940
354 941
354 964
360 603
363 490
363 760
363 955
364 700
364 892
366 946
368 925
375 956
379 872
381 933
382 905
383 962
384 919
384 926
384 964
395 948
395 955
400 557
401 951
402 964
405 490
405 525
405 541
405 589
405 940
405 964
406 664
406 964
411 908
413 964
424 948
428 457
435 505
435 937
441 956
446 962
450 951
450 964
453 940
459 470
463 964
468 855
470 964
481 809
481 923
481 959
482 746
482 765
482 784
484 561
484 842
484 962
490 940
491 821
505 654
505 940
505 941
507 675
515 962
516 818
522 601
522 955
523 878
524 964
525 933
525 964
531 964
533 857
541 596
541 704
543 586
543 700
543 959
549 760
549 887
549 956
549 962
549 964
550 879
550 959
550 962
556 905
561 779
561 964
566 887
566 964
567 964
573 885
576 933
576 962
577 951
582 964
583 908
589 753
589 876
589 959
589 962
592 844
592 867
592 940
596 951
598 631
598 923
598 937
601 919
610 933
612 923
614 870
619 821
619 937
619 964
623 941
623 946
627 667
627 700
627 704
627 749
627 962
631 679
631 749
639 732
643 964
644 956
645 857
645 926
645 956
650 753
650 823
654 781
654 911
654 929
656 818
659 704
659 964
660 905
664 925
665 951
667 779
668 964
675 964
677 857
680 962
684 734
684 964
692 949
692 964
700 931
700 964
703 867
704 930
706 955
709 919
711 753
711 854
711 889
711 933
719 919
719 964
723 929
723 959
724 783
724 832
727 855
727 948
728 948
728 962
733 946
734 856
734 908
734 937
736 964
746 919
749 964
753 962
753 964
756 955
760 783
760 948
760 964
765 964
770 937
779 933
781 911
783 860
783 964
784 964
787 919
787 923
807 919
809 854
818 941
818 959
821 917
822 828
822 860
822 946
822 964
823 955
823 962
826 838
826 941
828 959
828 964
829 842
829 850
829 930
832 946
838 955
842 959
844 870
850 956
854 911
854 964
855 872
855 956
856 940
856 949
857 892
857 923
857 946
857 964
859 946
860 887
860 940
863 962
867 876
867 905
870 925
870 955
870 956
870 959
870 962
872 962
876 955
878 885
878 940
878 959
878 964
879 923
879 926
879 951
881 924
885 895
885 951
885 964
887 889
887 946
887 964
892 964
895 917
895 940
895 948
895 951
905 919
905 929
905 964
906 948
908 933
911 919
911 925
911 951
911 964
917 929
917 930
917 937
917 955
917 964
919 959
923 940
923 941
923 962
924 962
924 964
925 948
926 955
926 956
926 959
929 956
929 962
929 964
930 955
930 964
931 955
931 956
931 959
931 962
931 964
933 941
933 948
933 964
937 964
940 955
940 956
941 959
941 964
946 964
948 962
949 955
949 956
949 962
951 955
951 964
955 956
955 959
955 964
956 959
956 962
956 964
959 962
959 964
962 964
