1 658
2 506
2 655
2 951
2 960
3 876
3 950
4 474
5 960
6 964
7 847
8 910
8 939
9 302
9 929
9 963
10 142
10 460
10 497
10 514
10 927
11 513
11 895
12 852
12 952
13 27
14 218
14 894
15 400
16 929
16 963
17 874
17 947
18 346
18 734
19 451
19 580
19 823
20 505
20 728
21 201
21 948
21 956
22 440
22 964
23 94
23 822
23 883
23 960
24 540
24 680
24 787
25 947
25 959
25 960
26 125
26 382
26 663
26 804
26 819
26 901
27 856
27 950
28 474
28 881
28 887
29 462
29 660
30 447
30 849
30 953
30 959
30 964
31 335
31 638
32 681
32 855
32 955
33 955
34 267
34 757
34 795
35 139
35 900
36 708
36 838
37 617
37 838
37 961
38 861
39 188
39 289
39 379
39 438
39 668
39 705
39 927
39 929
40 521
40 839
41 631
42 638
42 644
42 865
42 928
42 963
43 201
43 513
43 818
44 494
44 946
45 380
45 840
46 381
46 454
46 842
46 962
46 963
47 812
47 957
47 964
48 534
48 548
48 618
48 914
48 963
49 684
49 902
49 943
50 964
51 671
51 936
52 846
52 943
53 852
54 67
54 120
54 318
54 794
55 719
56 190
56 681
56 729
56 951
57 454
57 960
58 785
59 61
59 952
60 656
60 940
61 964
62 670
63 842
64 439
65 458
65 659
66 95
66 162
66 642
66 907
66 949
66 959
67 359
67 597
67 656
67 783
67 809
67 924
67 933
68 806
68 963
69 340
69 896
70 757
70 857
71 260
71 788
71 911
71 961
72 959
73 957
73 959
73 964
74 437
74 722
74 959
75 691
75 851
75 856
76 163
76 234
76 557
77 599
77 898
77 943
78 616
78 963
78 964
79 364
79 961
80 864
81 851
81 935
82 868
82 949
82 956
83 645
83 924
84 837
85 673
85 774
86 721
86 919
86 963
87 152
87 904
88 599
88 811
88 900
89 945
90 518
90 948
91 208
91 647
91 786
92 476
92 932
92 962
93 97
93 570
93 946
95 129
95 892
95 899
96 854
97 794
98 818
99 359
99 870
99 927
100 818
100 819
100 940
101 540
101 666
101 742
102 620
102 814
103 112
103 560
103 759
103 938
104 804
105 904
105 927
106 607
106 960
107 745
108 207
108 935
108 949
109 525
109 630
109 689
109 714
109 830
109 872
109 954
110 848
110 885
111 697
112 318
112 396
113 618
113 880
113 886
114 477
114 845
114 911
114 949
115 155
115 746
115 889
115 962
115 963
116 437
116 706
117 812
117 866
117 921
118 833
118 933
119 164
119 938
121 133
121 530
121 877
121 960
121 962
122 850
122 889
122 923
122 956
122 963
123 598
124 308
124 737
125 680
125 930
126 907
126 914
127 453
127 963
128 489
128 921
128 959
129 750
129 931
129 960
130 508
130 876
131 790
131 835
131 964
132 819
132 949
133 162
133 299
133 334
134 204
135 587
135 927
135 948
136 242
136 823
136 898
136 948
137 766
137 854
137 935
137 961
138 674
138 852
138 946
138 963
139 252
139 729
139 801
139 818
139 911
140 707
140 805
140 926
141 186
141 570
141 807
142 468
142 722
142 916
143 624
143 833
144 429
144 848
144 895
145 807
145 954
145 962
146 424
146 751
146 850
146 894
147 564
147 876
148 828
149 916
150 579
150 918
150 960
150 963
151 407
151 736
152 199
152 888
152 953
153 287
153 752
153 867
153 963
154 868
154 949
154 950
155 476
155 960
156 199
156 916
156 964
157 528
158 494
159 481
159 964
160 608
160 695
160 919
160 925
160 962
161 517
161 861
161 938
163 564
163 878
163 943
164 928
164 962
165 245
165 285
166 643
166 857
166 958
167 937
167 948
168 331
168 571
168 625
168 675
168 799
168 841
168 963
169 188
169 722
169 898
170 634
170 869
171 447
172 929
173 476
173 591
173 908
174 916
174 963
175 945
176 194
176 303
176 952
177 646
177 870
178 407
178 893
179 490
179 840
179 964
180 816
181 628
181 810
181 922
182 419
182 556
183 794
183 939
184 906
185 320
185 547
185 594
185 943
186 430
186 797
186 957
187 919
187 958
188 586
188 901
188 928
188 941
189 215
189 532
190 283
190 554
190 901
190 927
191 444
191 812
191 964
192 449
192 653
192 835
192 962
193 716
193 909
194 950
195 496
195 959
196 287
196 489
196 716
196 855
196 858
196 860
196 897
196 907
197 765
197 962
198 944
199 240
199 590
200 953
201 385
201 486
201 645
202 390
203 681
204 603
204 725
204 938
205 589
205 738
205 870
205 951
206 409
206 773
207 773
207 962
208 865
208 922
209 658
209 882
209 950
210 652
210 782
210 964
211 960
211 961
212 461
212 582
212 738
213 312
213 335
214 413
214 619
214 937
215 907
215 936
216 379
216 863
216 964
217 964
218 600
218 787
218 964
219 369
219 869
219 935
220 377
220 506
220 821
220 959
221 372
221 961
222 466
222 848
223 932
223 954
224 343
224 699
224 852
225 962
226 957
227 320
227 842
227 940
227 948
227 964
228 238
228 878
229 572
229 631
229 821
230 863
231 272
231 356
231 836
231 942
232 344
232 362
233 354
233 358
233 670
233 934
234 888
234 960
235 259
235 938
236 249
236 386
236 839
236 881
236 890
237 251
237 716
237 935
238 396
238 900
238 922
239 519
239 650
239 900
239 932
240 893
240 964
241 373
241 621
241 942
242 349
242 670
242 907
243 949
244 963
245 314
245 478
245 587
245 845
245 953
246 530
247 298
247 664
247 837
247 942
248 847
248 866
249 791
249 946
250 922
250 952
251 499
251 964
253 964
254 909
254 928
255 683
256 284
256 652
256 921
257 436
257 793
257 855
257 861
257 910
257 938
257 952
257 963
258 697
258 964
260 266
260 799
260 827
260 860
260 861
260 924
261 784
261 959
262 449
263 580
263 749
263 960
263 964
264 618
264 735
264 812
264 844
264 945
265 582
266 939
267 558
267 822
267 902
267 961
268 670
269 788
269 847
270 897
270 909
270 930
270 964
271 782
271 825
271 851
271 935
271 960
272 894
272 931
273 884
274 418
274 626
274 916
274 955
274 957
274 963
275 757
276 409
277 333
277 394
277 686
277 765
278 780
279 801
279 964
280 908
280 937
280 938
280 960
280 964
281 410
281 761
281 964
282 538
283 597
283 686
284 784
284 886
284 963
285 842
286 439
286 875
287 889
288 586
288 920
289 465
289 660
290 961
291 598
291 782
291 943
291 964
292 521
292 876
292 947
292 964
293 847
293 940
294 808
294 848
294 912
295 831
295 895
296 893
296 955
297 664
297 687
297 769
297 803
298 478
298 641
298 740
299 496
299 776
299 957
300 390
300 430
300 654
300 783
300 924
300 952
301 711
301 726
301 898
302 692
302 798
302 828
302 942
303 354
303 936
303 953
303 955
304 635
305 927
305 964
306 385
306 784
306 932
307 819
307 905
308 704
308 708
308 957
309 823
310 756
310 812
310 819
310 872
311 338
311 521
311 887
311 955
311 964
312 775
312 851
313 348
313 493
313 713
313 941
313 958
314 665
314 817
314 888
315 681
316 963
317 713
317 913
317 937
317 942
318 723
318 960
319 659
319 701
319 863
319 866
319 943
319 957
320 415
320 791
320 868
320 895
320 928
321 595
321 933
321 954
321 964
322 413
322 592
322 815
323 424
323 547
323 958
324 803
324 897
325 775
325 937
325 959
326 598
326 862
327 472
327 910
327 947
328 918
328 937
328 943
328 946
329 844
329 956
329 957
330 422
330 533
330 864
330 868
331 849
332 962
333 853
333 944
333 961
334 613
334 785
334 913
334 946
335 575
335 867
335 872
335 964
336 917
336 951
337 475
337 943
337 963
339 545
339 728
339 759
339 809
339 826
339 888
341 723
341 903
342 691
342 950
343 541
343 876
343 940
344 689
344 789
344 915
344 919
344 922
344 954
344 963
345 918
345 947
346 586
346 845
346 962
347 591
347 919
347 928
348 936
349 760
349 958
350 388
351 635
352 851
353 432
353 506
353 538
353 651
353 737
353 868
353 916
354 918
354 941
354 964
355 809
355 852
355 954
356 695
356 704
356 808
356 900
356 909
356 925
357 403
358 927
359 386
359 520
359 945
360 603
360 745
361 439
361 542
361 910
361 940
362 440
362 592
362 706
362 711
363 490
363 731
363 760
363 804
363 901
363 955
364 700
364 892
365 943
365 963
366 914
366 946
367 661
367 695
368 511
368 925
368 960
368 963
369 613
370 591
370 620
370 811
370 846
370 962
371 641
371 648
371 668
371 725
372 917
372 956
373 948
374 582
374 583
374 654
374 854
375 410
375 466
375 936
375 956
376 436
376 881
376 930
376 954
377 548
377 937
377 964
378 480
378 668
378 959
379 594
379 720
379 799
379 872
380 752
381 647
381 933
382 397
382 905
383 729
383 904
383 962
384 534
384 539
384 919
384 926
384 964
385 938
385 958
386 790
386 867
387 912
387 964
388 841
389 546
389 959
389 962
390 624
390 739
390 919
390 939
390 963
391 546
391 915
391 925
392 563
392 572
392 691
392 919
393 558
393 825
393 941
393 943
393 960
393 963
394 960
394 964
395 936
395 944
395 948
395 955
396 717
396 904
396 961
397 616
397 638
397 880
397 893
397 924
398 766
398 931
399 569
399 740
399 773
399 794
399 927
400 557
400 585
400 871
401 769
401 849
401 884
401 928
401 939
401 951
402 648
402 740
402 918
402 964
403 817
403 938
403 960
404 901
404 918
404 949
405 490
405 525
405 541
405 565
405 589
405 940
405 964
406 664
406 848
406 957
406 964
407 659
407 897
407 962
408 813
408 940
409 963
410 605
411 705
411 714
411 882
411 908
411 960
411 961
412 667
412 948
413 794
413 961
413 964
414 610
414 743
414 834
414 920
415 944
415 957
416 708
416 929
417 508
417 958
418 701
418 903
418 906
418 922
419 925
420 962
421 904
421 925
421 963
422 550
423 763
423 960
424 868
424 912
424 948
425 961
426 923
427 518
427 805
427 964
428 433
428 457
428 808
429 517
429 964
430 638
430 947
430 963
431 774
431 800
431 963
432 914
432 923
432 958
434 855
434 951
435 469
435 505
435 545
435 607
435 937
436 666
436 945
436 955
438 592
438 682
438 962
439 461
439 750
439 824
439 915
440 515
440 933
440 956
441 646
441 956
442 865
442 921
442 953
442 962
442 963
442 964
443 707
443 855
443 934
443 959
444 561
444 584
444 792
444 961
444 963
445 748
445 940
446 803
446 891
446 913
446 962
447 749
447 961
448 554
448 726
448 798
448 935
449 605
449 962
450 922
450 951
450 963
450 964
451 724
451 961
452 784
453 853
453 940
453 954
454 941
454 943
455 535
456 782
457 939
457 952
458 518
458 815
458 908
458 955
459 470
459 673
459 958
460 466
460 706
460 803
460 883
460 952
460 962
461 884
461 962
463 964
464 591
464 851
465 931
465 944
465 964
466 884
466 932
466 950
467 758
467 805
467 811
467 855
467 897
468 855
470 597
470 964
471 574
471 614
471 787
471 962
472 529
472 857
472 931
472 946
473 964
474 629
474 679
475 754
475 806
475 916
475 959
475 960
477 894
478 949
479 734
479 954
480 751
480 842
480 943
481 544
481 792
481 809
481 923
481 959
482 746
482 765
482 784
483 765
483 844
483 952
484 561
484 842
484 913
484 954
484 962
484 963
485 908
486 909
486 946
486 962
487 851
487 963
488 906
488 963
489 824
489 908
490 847
490 940
491 821
491 896
492 532
492 767
492 919
492 963
493 915
493 942
494 600
494 944
495 755
495 809
496 613
496 944
496 963
497 739
497 791
497 874
498 762
498 843
498 939
498 963
499 722
499 814
500 840
501 533
501 922
502 580
502 615
502 798
502 947
502 952
502 961
502 964
503 662
503 896
504 806
504 824
504 916
504 944
504 961
505 654
505 687
505 921
505 940
505 941
507 675
507 957
508 942
509 566
509 962
509 964
510 601
510 663
510 941
510 961
511 710
511 743
511 841
511 961
511 964
512 589
512 920
512 947
512 953
513 632
513 707
514 819
514 831
514 895
515 913
515 962
516 647
516 761
516 798
516 818
516 874
516 904
516 916
517 872
519 864
519 887
519 947
519 963
520 544
520 724
521 630
521 692
521 959
522 601
522 633
522 862
522 890
522 894
522 950
522 955
523 773
523 878
523 952
523 960
523 963
524 964
525 802
525 933
525 934
525 954
525 958
525 964
526 961
527 949
527 956
528 812
528 944
529 890
529 896
529 899
529 924
529 937
529 955
529 956
530 929
531 964
532 558
532 687
532 802
532 964
533 597
533 761
533 833
533 857
534 800
534 847
534 923
534 964
535 573
535 794
535 952
535 957
536 962
537 942
537 958
538 722
538 849
538 889
538 939
538 958
538 964
540 672
540 827
540 932
540 957
541 596
541 704
541 774
542 771
543 578
543 584
543 586
543 700
543 880
543 927
543 959
543 963
544 704
544 894
544 941
544 943
545 577
546 848
547 926
548 847
548 893
548 958
549 705
549 760
549 887
549 945
549 954
549 956
549 962
549 964
550 831
550 879
550 959
550 962
551 947
551 950
552 853
552 854
552 945
553 653
553 935
553 945
554 571
554 948
555 564
555 802
556 563
556 905
556 907
556 945
557 691
557 950
558 732
558 805
558 896
559 681
559 926
560 783
560 872
561 766
561 779
561 847
561 964
562 687
562 945
563 959
564 759
564 784
564 862
565 731
565 854
565 859
565 875
566 651
566 887
566 927
566 964
567 774
567 899
567 934
567 964
568 705
568 713
568 846
569 767
569 931
569 953
569 961
570 825
570 942
570 959
570 963
571 602
571 830
571 907
572 593
572 728
573 755
573 885
573 922
573 936
574 947
574 956
575 779
575 872
575 953
575 961
576 933
576 962
577 951
579 866
579 936
579 937
579 946
580 642
580 705
580 713
580 746
580 770
580 773
580 936
581 668
581 939
582 942
582 964
583 773
583 908
583 950
583 961
584 910
584 944
584 951
585 592
585 928
585 947
587 639
587 874
588 831
588 867
588 869
588 871
588 925
589 753
589 876
589 959
589 962
590 686
591 931
591 943
591 955
592 844
592 867
592 940
592 960
593 815
593 840
593 948
595 896
595 920
596 835
596 951
596 960
597 882
597 946
598 631
598 923
598 937
598 953
600 850
600 920
600 940
600 962
601 904
601 919
601 961
602 809
602 812
602 870
602 952
603 957
604 952
604 960
605 827
605 856
605 961
606 962
608 673
608 769
608 964
609 927
610 933
610 960
611 781
612 764
612 923
613 857
613 956
614 870
615 882
615 897
615 904
615 917
615 951
615 955
616 841
616 849
616 961
617 632
617 778
617 964
618 654
618 950
618 959
619 821
619 900
619 937
619 964
620 753
620 957
620 964
621 624
621 912
622 679
622 695
622 809
622 841
622 876
622 952
622 961
623 921
623 941
623 946
624 731
624 948
625 916
625 954
625 958
626 894
626 908
626 910
626 961
626 964
627 667
627 700
627 704
627 749
627 950
627 957
627 962
627 963
628 681
628 724
628 745
628 875
628 897
628 938
629 721
629 822
629 834
629 851
629 881
629 933
629 964
630 720
630 786
631 679
631 749
631 953
631 963
632 806
632 952
633 662
633 771
633 843
633 888
634 839
634 920
634 938
634 946
634 955
634 961
634 963
635 655
635 660
635 880
635 893
635 895
635 933
635 957
635 961
636 827
636 892
636 926
636 929
637 963
638 931
638 953
639 732
639 871
640 765
640 835
640 941
641 893
641 957
642 846
642 964
643 888
643 938
643 954
643 964
644 915
644 956
644 961
645 857
645 882
645 913
645 926
645 956
646 714
646 933
648 874
648 954
649 734
649 889
649 964
650 753
650 777
650 823
650 837
650 916
650 958
651 786
651 813
651 818
652 756
652 812
652 952
653 788
653 961
653 962
654 781
654 911
654 929
655 730
655 917
655 963
656 818
656 858
656 915
656 963
657 699
657 867
657 921
657 933
658 873
658 883
659 704
659 825
659 913
659 963
659 964
660 796
660 801
660 905
661 818
661 835
661 858
661 960
662 700
662 794
662 898
662 930
662 944
662 954
663 718
663 824
664 849
664 925
664 958
664 960
664 963
665 718
665 869
665 951
665 954
666 843
666 881
666 909
666 964
667 779
668 836
668 904
668 918
668 964
669 820
669 845
669 851
670 773
670 953
671 913
672 794
672 904
672 908
672 964
673 698
673 800
673 939
674 786
674 935
674 948
675 882
675 964
676 681
676 738
676 817
676 886
676 892
676 922
676 927
677 857
678 748
678 804
678 880
678 909
678 952
678 964
679 864
680 921
680 962
681 726
681 827
681 847
681 960
681 964
683 713
683 730
683 864
683 918
683 944
684 734
684 774
684 961
684 964
685 696
685 930
686 944
686 949
687 807
687 959
688 736
688 964
689 726
689 937
690 691
690 723
690 761
690 830
690 875
690 910
691 757
691 813
691 851
691 890
692 949
692 952
692 954
692 964
693 933
694 780
694 869
695 923
695 940
695 953
695 964
696 725
696 869
697 902
697 955
697 964
698 934
698 963
699 839
699 898
699 924
700 757
700 931
700 957
700 961
700 964
702 766
702 791
702 946
702 960
702 964
703 846
703 867
704 930
704 950
704 952
705 746
705 766
705 771
705 777
706 812
706 888
706 955
707 924
707 946
708 812
708 959
709 768
709 919
710 931
710 948
710 964
711 753
711 854
711 889
711 933
712 929
712 936
712 957
713 738
713 918
713 939
713 961
714 863
714 905
714 957
714 964
715 962
715 964
717 756
717 867
717 944
717 954
718 785
718 911
718 927
718 941
719 799
719 890
719 919
719 963
719 964
720 937
721 753
721 793
721 819
721 964
722 960
722 961
722 962
722 964
723 811
723 929
723 959
724 783
724 805
724 832
724 957
725 895
725 915
725 957
726 805
726 951
727 855
727 939
727 948
727 960
728 827
728 948
728 962
729 811
729 889
729 949
729 952
730 880
730 962
731 906
732 960
733 777
733 833
733 946
733 952
734 856
734 877
734 907
734 908
734 937
734 942
735 746
735 938
735 959
735 964
736 801
736 954
736 964
737 912
737 939
737 949
737 955
738 903
738 942
738 943
738 961
739 786
739 909
739 925
740 741
740 851
740 963
740 964
741 939
741 948
741 957
742 911
742 916
742 959
743 956
744 838
744 931
744 960
745 860
745 923
745 964
746 880
746 919
746 935
746 963
747 748
747 829
747 960
748 827
748 931
749 803
749 938
749 958
749 963
749 964
750 801
750 825
750 842
750 934
750 937
750 963
751 788
751 858
751 963
752 918
752 963
753 803
753 962
753 964
754 857
754 922
754 927
754 957
754 963
755 775
755 893
755 930
755 944
755 962
756 764
756 955
758 782
758 876
758 925
758 964
759 853
759 875
759 902
759 933
760 783
760 792
760 935
760 943
760 948
760 958
760 963
760 964
761 802
761 861
761 914
761 935
761 944
761 963
761 964
762 765
762 820
762 887
762 925
762 950
762 959
763 892
763 952
763 960
764 837
764 850
764 923
765 964
766 876
766 928
767 781
767 813
767 851
767 923
767 960
768 777
768 792
768 859
769 850
769 912
769 923
769 931
769 954
769 964
770 937
770 961
771 779
771 877
771 893
771 937
772 827
772 948
773 843
773 890
773 901
773 953
774 958
774 961
774 964
775 808
775 864
776 843
776 904
776 929
776 946
777 890
777 964
778 963
779 933
779 953
780 870
780 882
780 960
781 911
781 953
781 960
782 816
782 948
782 963
783 834
783 860
783 873
783 964
784 871
784 964
785 894
785 897
785 904
785 943
785 960
786 808
786 953
786 963
787 919
787 923
788 955
788 960
789 900
790 962
791 826
791 868
791 952
791 961
792 865
792 873
792 883
792 890
792 917
792 945
792 946
792 964
793 890
793 921
794 940
794 956
794 964
795 826
795 827
795 829
795 857
795 945
795 964
796 817
796 945
796 950
796 955
797 925
797 961
798 823
798 892
798 896
798 964
799 860
799 923
799 953
799 964
800 871
800 958
801 939
801 947
801 955
802 837
802 913
802 928
802 932
802 950
802 958
802 960
803 940
803 947
803 952
803 958
803 960
804 890
804 909
804 918
804 920
805 853
806 865
806 903
806 904
806 963
807 897
807 919
808 838
808 955
808 961
809 854
809 947
809 954
810 842
810 847
810 861
810 913
810 937
810 961
810 964
811 834
811 950
811 952
811 960
811 963
812 840
812 851
812 941
812 952
812 959
814 888
814 939
815 904
815 909
815 961
816 876
816 912
816 939
816 945
816 946
816 963
817 928
817 931
817 940
817 941
817 962
817 963
818 896
818 941
818 945
818 953
818 959
819 918
820 956
820 959
820 964
821 874
821 903
821 917
821 935
821 960
822 828
822 860
822 899
822 916
822 928
822 946
822 964
823 910
823 912
823 945
823 955
823 962
824 835
824 947
824 956
825 832
825 857
825 918
825 944
825 964
826 838
826 941
826 952
827 958
827 962
827 964
828 875
828 914
828 959
828 960
828 964
829 842
829 850
829 928
829 930
830 876
830 905
831 938
831 957
832 858
832 864
832 868
832 915
832 935
832 945
832 946
832 950
833 874
834 899
834 953
834 962
835 858
835 941
835 942
835 944
835 955
836 852
836 921
836 949
836 963
837 852
837 916
837 956
837 958
837 962
838 862
838 953
838 955
839 887
840 842
840 846
840 863
840 887
840 918
840 958
841 868
841 871
841 879
841 887
841 921
841 938
841 951
841 954
841 955
841 957
841 963
842 843
842 891
842 945
842 959
842 963
843 888
843 935
843 936
843 940
843 942
843 952
843 963
843 964
844 870
844 961
845 850
845 910
845 925
845 926
845 937
845 963
846 963
847 925
847 962
847 963
848 860
848 891
848 948
848 957
848 964
849 850
849 852
849 858
849 923
849 936
850 956
851 940
851 941
851 953
851 956
851 961
852 887
852 936
852 946
852 962
853 885
853 927
854 911
854 964
855 872
855 893
855 896
855 914
855 956
855 961
856 940
856 949
856 961
857 891
857 892
857 923
857 935
857 946
857 964
858 956
858 960
858 964
859 897
859 946
859 961
860 887
860 921
860 940
861 885
861 899
861 900
861 950
861 960
861 962
862 889
862 954
862 958
863 932
863 962
864 876
864 877
864 935
864 936
864 963
865 882
865 892
865 931
865 940
866 938
866 955
866 956
866 964
867 876
867 905
868 938
868 952
868 955
868 956
869 899
869 962
870 925
870 935
870 955
870 956
870 959
870 961
870 962
871 899
871 904
871 922
871 929
871 943
871 963
872 903
872 914
872 935
872 936
872 960
872 962
873 919
873 940
873 943
873 958
874 929
874 931
874 938
874 939
874 948
874 952
874 957
874 961
875 885
875 887
875 909
875 945
875 957
876 890
876 897
876 903
876 955
876 960
876 961
877 879
877 947
877 956
877 962
877 964
878 885
878 897
878 912
878 927
878 940
878 953
878 959
878 961
878 964
879 923
879 926
879 951
879 954
880 884
880 921
880 936
880 944
880 956
880 962
881 884
881 924
881 950
881 961
882 952
883 916
883 933
883 960
883 963
884 927
884 946
884 953
884 955
885 895
885 951
885 964
886 939
886 946
886 947
886 963
886 964
887 889
887 891
887 903
887 946
887 947
887 961
887 963
887 964
888 890
888 921
888 932
888 938
888 949
888 950
888 951
888 957
888 959
889 900
890 894
890 921
890 948
890 956
891 904
891 917
891 959
892 952
892 964
893 908
893 937
893 952
893 964
894 896
894 930
894 933
894 960
894 964
895 917
895 935
895 940
895 948
895 951
895 954
895 957
895 963
896 931
896 949
896 955
896 964
897 942
897 955
897 959
897 964
898 920
898 923
898 946
898 952
898 959
898 961
898 964
899 920
899 958
900 926
900 947
900 958
900 961
900 962
900 964
901 933
901 948
901 954
901 956
901 964
902 934
902 940
902 946
902 950
902 957
902 962
903 945
903 946
903 947
903 948
903 957
903 958
903 964
904 933
904 962
905 909
905 919
905 929
905 947
905 964
906 918
906 922
906 928
906 948
906 961
907 935
907 955
907 957
907 961
908 933
909 930
909 940
909 960
909 964
910 937
910 940
910 942
910 952
910 958
910 961
911 913
911 919
911 925
911 951
911 963
911 964
912 933
912 947
912 954
912 957
912 959
912 962
913 926
913 934
913 936
913 948
913 954
913 960
913 961
914 916
914 950
914 956
914 960
914 964
915 926
915 929
915 950
915 951
915 953
915 961
915 964
916 925
916 927
916 939
916 950
916 961
916 962
916 963
916 964
917 929
917 930
917 932
917 937
917 939
917 953
917 955
917 957
917 964
918 919
918 921
918 926
918 935
918 952
918 954
918 957
918 960
918 963
919 947
919 959
920 937
920 945
920 948
920 955
920 963
921 957
921 959
921 963
922 935
922 937
922 942
922 953
922 954
922 964
923 940
923 941
923 943
923 945
923 962
924 928
924 947
924 962
924 963
924 964
925 932
925 948
925 961
925 963
926 950
926 955
926 956
926 959
926 963
927 943
927 947
927 960
927 962
928 960
928 963
928 964
929 942
929 944
929 952
929 956
929 958
929 962
929 963
929 964
930 955
930 958
930 963
930 964
931 945
931 955
931 956
931 957
931 959
931 960
931 962
931 964
932 946
932 953
932 954
932 955
932 957
932 959
932 964
933 934
933 941
933 948
933 954
933 957
933 961
933 963
933 964
934 949
934 951
934 961
934 962
934 963
935 951
935 952
935 958
935 960
935 962
935 963
936 943
936 949
936 957
936 959
936 962
936 964
937 938
937 963
937 964
938 964
939 944
939 956
939 962
939 964
940 955
940 956
940 957
940 963
941 959
941 964
942 949
942 951
942 955
942 956
942 963
942 964
943 953
943 956
943 957
943 958
943 960
943 961
943 962
943 964
944 953
944 956
944 961
944 964
945 947
945 948
945 949
945 957
945 959
945 960
945 962
945 963
946 947
946 957
946 958
946 963
946 964
947 951
947 953
947 955
947 958
947 964
948 960
948 962
949 955
949 956
949 958
949 961
949 962
949 963
950 951
950 958
950 961
950 963
950 964
951 953
951 955
951 958
951 961
951 964
952 955
952 957
952 958
952 959
952 960
952 962
952 964
953 955
953 959
953 960
953 963
953 964
954 959
954 960
954 962
954 963
954 964
955 956
955 957
955 959
955 960
955 963
955 964
956 957
956 959
956 960
956 961
956 962
956 964
957 958
957 959
957 960
957 962
957 963
957 964
958 959
958 960
958 963
958 964
959 961
959 962
959 963
959 964
960 963
960 964
961 962
961 963
961 964
962 963
962 964
963 964
